$ 1 0.000005 10.20027730826997 50 5 43 5e-11
R 272 160 160 160 0 0 40 5 0 0 0.5
f 448 320 448 240 41 1.2 0.02
r 272 160 272 320 0 49900
r 448 320 448 400 0 5100
s 448 400 448 448 0 0 false
w 448 320 272 320 0
w 272 160 432 240 0
w 464 240 672 176 0
r 672 176 736 176 0 1000
g 736 176 800 176 0 0
w 528 272 448 320 0
w 272 160 432 112 0
162 400 96 400 48 2 default-led 1 0 0 0.01
g 400 48 384 -16 0 0
f 512 64 432 64 33 1.5 0.02
w 528 128 512 128 0
g 448 448 448 496 0 0
r 400 96 432 144 0 1000
w 528 128 528 272 0
f 512 128 432 128 32 1.5 0.02
