$ 1 0.000005 10.20027730826997 50 5 43 5e-11
R 272 160 160 160 0 0 40 5 0 0 0.5
f 448 320 448 240 41 1.2 0.02
r 272 160 272 320 0 49900
r 448 320 448 400 0 5100
s 448 400 448 448 0 0 false
w 448 320 272 320 0
w 272 160 432 240 0
w 464 240 672 176 0
r 672 176 736 176 0 1000
g 736 176 800 176 0 0
w 528 272 448 320 0
162 272 160 320 80 2 default-led 1 0 0 0.01
g 448 448 448 496 0 0
r 384 80 368 144 0 100
w 544 128 528 272 2
f 544 128 464 128 32 2.5 0.02
g 464 144 416 176 0 0
w 464 112 368 144 3
w 320 80 384 80 2
